poly1: 0.014124083533813418, -0.11350207323537007
hill: 2.243735992717179, 5.08246932784952, 0.7606808468204971, -1.0
poly1: -0.00708602400496246, -0.9068404295578263
hill: -1.2364275150095565, 52.578171476910754, 6.803846170563723, -1.0
poly1: -0.0007754255316172584, -1.0
hill: -0.5730972480044609, 5.844805434365213, 8.0, -1.0
poly1: 0.008034208803626385, -1.0
hill: 1.2190731419792036, 18.40636307893584, 2.7988669952928227, -1.0
